# id             redshift  F275W_UVIS_CHIP2   F275W_UVIS_CHIP2_err   F336W_UVIS_CHIP2   F336W_UVIS_CHIP2_err   F438W_UVIS_CHIP2   F438W_UVIS_CHIP2_err   F555W_UVIS_CHIP2   F555W_UVIS_CHIP2_err   F814W_UVIS_CHIP2   F814W_UVIS_CHIP2_err   jwst.nircam.F200W   jwst.nircam.F200W_err   jwst.nircam.F300M   jwst.nircam.F300M_err   jwst.nircam.F335M   jwst.nircam.F335M_err   jwst.nircam.F360M   jwst.nircam.F360M_err   jwst.miri.F770W   jwst.miri.F770W_err   jwst.miri.F1000W   jwst.miri.F1000W_err   jwst.miri.F1130W   jwst.miri.F1130W_err   jwst.miri.F2100W   jwst.miri.F2100W_err    
 0   0.0   0.000016591988591   -1.000000000000000   0.000028212271608   -1.000000000000000   0.000048438428255   -1.000000000000000   0.000023606860382   -1.000000000000000   -0.000025140782858   -1.000000000000000   0.000305980309785   0.000038511093171   0.000946417982884   0.000035819104208   0.001404967150617   0.000041701378670   0.001727491677677   0.000041874961060   0.000322947351656   -1.000000000000000   0.000670170448559   0.000141674003927   0.000677171372708   -1.000000000000000   0.000190810891233   -1.000000000000000    
 1   0.0   0.000530440015606   0.000022735059866   0.000736644029075   0.000031777950431   0.000551023806733   0.000035740435344   0.001221837200114   0.000043637948495   0.001804785539535   0.000064580928839   0.007744864769519   0.000046145168714   0.004513479701759   0.000066722715334   0.007285284972905   0.000120190272380   0.005573130554449   0.000085071029381   0.013942077257352   0.001504971617544   0.015543322936388   0.000527977701624   0.028067012140027   0.001831190472101   0.017465196322282   0.000975978614694    
 2   0.0   0.000150393105666   -1.000000000000000   0.000783831343230   0.000072017545332   0.000562651537057   0.000076711868788   0.002632403232611   0.000094023580507   0.001640756068819   0.000097957805936   0.005013881724146   0.000061846729008   0.002576279032131   0.000077816977321   0.007277155588896   0.000152189739963   0.005037498645153   0.000106054470499   0.031500673664478   0.003610915682314   0.016390801087574   0.001321252884111   0.048645262443091   0.004056787394936   0.016975976004109   -1.000000000000000    
 3   0.0   0.000000000002675   -1.000000000000000   0.000000000000652   -1.000000000000000   0.000000000029297   -1.000000000000000   0.000000000130525   -1.000000000000000   0.000000000199371   -1.000000000000000   0.000495037564059   0.000013889100516   0.001007846891998   0.000021279672471   0.001402167274167   0.000021854183482   0.001621832217758   0.000027454011910   0.000280217713605   0.000064298775614   0.000790753764034   0.000076226664961   0.000830234372072   0.000094694428458   0.000197793921440   -1.000000000000000    
 4   0.0   -0.000216108091542   -1.000000000000000   -0.000187248529263   -1.000000000000000   -0.000155977021532   -1.000000000000000   0.000038553268832   -1.000000000000000   0.000587307995426   0.000055229827595   0.006220657334105   0.000040353695979   0.004448628779464   0.000052821222662   0.013448620435284   0.000084422895818   0.009264599383168   0.000065580775099   0.021371679684296   0.000953667200006   0.031321798196505   0.000342562453359   0.061575347082840   0.001126809892826   0.041678576962104   0.000820188531647    
 5   0.0   0.000615810763169   0.000016711337107   0.000686501356716   0.000025019130580   0.000691897543880   0.000054698169680   0.000615979243119   0.000081186388654   0.000451875145106   0.000146127450719   0.001379993867306   0.000079149115839   0.001076888541173   0.000069394432629   0.003041774204114   0.000087811475404   0.002348414726597   0.000073137622660   0.003113569681014   -1.000000000000000   0.001620480237558   0.000492690335448   0.004497203656901   -1.000000000000000   0.002113606175057   0.000631167125946    
 6   0.0   -0.000042311204759   -1.000000000000000   0.000052051473990   -1.000000000000000   -0.000100683057208   -1.000000000000000   -0.000094706122046   -1.000000000000000   -0.000055450743931   -1.000000000000000   0.001965252648116   0.000081990899393   0.001146070074958   0.000070232170015   0.001930953224523   0.000086668796151   0.001382156491728   0.000071241515968   0.000586977429234   -1.000000000000000   0.001093704320495   -1.000000000000000   0.003789932459039   -1.000000000000000   0.001155716312291   -1.000000000000000    
 7   0.0   0.000030230262647   -1.000000000000000   0.000054369865830   -1.000000000000000   -0.000014883297273   -1.000000000000000   0.000003001710033   -1.000000000000000   -0.000034457584616   -1.000000000000000   0.000363314256659   0.000092225324921   0.000985790175742   0.000070706115607   0.001665576195316   0.000078851969376   0.001430210926722   0.000072108423155   0.004388707148514   0.000554504350729   0.001472166317002   0.000241351842428   0.004465946987477   0.000704294357093   0.001590736242542   0.000306535030890    
 8   0.0   0.000080760906302   0.000019367679886   0.000112953311998   0.000032672247647   0.000146142889349   -1.000000000000000   0.000134496001684   -1.000000000000000   0.000259928406654   -1.000000000000000   0.001883754695719   0.000092981766129   0.001066496791256   0.000070995352869   0.001789379011599   0.000082207700709   0.001346728773320   0.000074471606752   0.001489910910993   -1.000000000000000   0.001311307806147   0.000270331945327   0.003820364766401   0.000840841033917   0.000418953461833   -1.000000000000000    
 9   0.0   0.000309588803128   0.000011289110085   0.000390640483004   0.000014765696696   0.000379134806032   0.000026040670795   0.000431372237963   0.000041875160209   0.000432892603182   0.000081265582794   0.000963142042237   0.000049022466212   0.000635735167340   0.000038168905753   0.002127112007426   0.000041845248896   0.001305686886755   0.000041108138656   0.004582234300089   0.000243089930368   0.002753131825643   0.000147136781008   0.006324119330977   0.000319913890472   0.002367667765082   0.000219287855870    
 10   0.0   0.000082897858145   0.000010425575196   0.000092180617198   0.000012810653995   0.000081220526882   0.000019751138466   0.000049715440513   -1.000000000000000   -0.000004599573185   -1.000000000000000   0.000962358113203   0.000039491812457   0.001122677525063   0.000037411480363   0.001544484603437   0.000050425036297   0.001669871911268   0.000045202480174   0.000791529132603   -1.000000000000000   0.000913495632322   0.000174124359229   0.001323642982110   -1.000000000000000   0.000753529314837   -1.000000000000000    
 11   0.0   0.001691408587116   0.000028077560134   0.002657565330322   0.000038066018329   0.002982069234347   0.000039739057465   0.003951408029957   0.000038187816674   0.004952542937009   0.000057634335387   0.007751074158207   0.000037305913374   0.004583763093873   0.000047117420595   0.011967558234715   0.000066370852135   0.008192965526016   0.000055606995721   0.027241656485492   0.000693093607826   0.025609874091279   0.000271448370583   0.043403988969056   0.000677047449950   0.031348095448691   0.000861950678990    
 12   0.0   0.001253679556488   0.000023441934657   0.001362202690200   0.000032203686282   0.001384903774584   0.000080793760180   0.001360367159721   0.000125115406472   0.001158035939543   0.000238043768047   0.002339865652253   0.000093110214610   0.001370973380001   0.000072185481013   0.003146267843485   0.000074795887570   0.002248122561112   0.000067599054902   0.006950653563097   0.000347018141616   0.003897406187875   0.000168109466963   0.009120336093286   0.000478949070733   0.004567994168123   0.000304010569107    
 13   0.0   -0.000002109001476   -1.000000000000000   -0.000013603805132   -1.000000000000000   -0.000030398477952   -1.000000000000000   0.000006883739347   -1.000000000000000   -0.000013617514723   -1.000000000000000   0.000216182653486   0.000044284959902   0.001289068597963   0.000038614052789   0.001921941613018   0.000039175684925   0.002450004094732   0.000042974296730   0.000861564386492   0.000099096371629   0.001185579355446   0.000084121966588   0.001261038040513   0.000148687375722   -0.000589352321920   -1.000000000000000    
 14   0.0   0.003621859779398   0.000042471350825   0.003297807249084   0.000048188289852   0.002968237724784   0.000056542564747   0.002375243285035   0.000060376556645   0.001647820185210   0.000106886280864   0.004224043227477   0.000060943598003   0.005756069354090   0.000062081123435   0.011804665374242   0.000083896750175   0.009557511782660   0.000070146435236   0.037562699704737   0.001167582819408   0.016530082140801   0.000400900603792   0.035828381582130   0.001325011657678   0.012440600864472   0.000635643138158    
 15   0.0   0.000034616780428   0.000004918568650   -0.000031830591934   -1.000000000000000   -0.000031980478529   -1.000000000000000   0.000035515858943   -1.000000000000000   0.000067840936159   -1.000000000000000   0.000181112401283   -1.000000000000000   0.001234403169267   0.000060469094957   0.001736487858010   0.000062961445262   0.002004156596521   0.000061320328742   0.000604407039806   -1.000000000000000   0.000757982288859   0.000194424982163   0.000966163924023   -1.000000000000000   0.000527575905831   -1.000000000000000    
 16   0.0   -0.000078351257134   -1.000000000000000   -0.000056408645229   -1.000000000000000   0.000018729467408   -1.000000000000000   0.000087599463136   -1.000000000000000   0.000328743059939   0.000055619385952   0.000637858454839   0.000047454769853   0.000535128547409   0.000047560961135   0.001866893947832   0.000060489238054   0.001160682965948   0.000051225517703   0.005267690896690   0.000640234243260   0.002298141515479   0.000248474985799   0.005958043920014   0.000786722661663   0.002964482445410   0.000469846883163    
 17   0.0   0.000046933982023   -1.000000000000000   0.000019837654294   -1.000000000000000   -0.000111266216682   -1.000000000000000   0.000001417430688   -1.000000000000000   -0.000051378830019   -1.000000000000000   0.000686619946400   0.000051639574574   0.001439626953560   0.000050234176516   0.001938528191942   0.000073991792218   0.002189272075840   0.000059788822565   0.000613030988282   -1.000000000000000   0.001194563291212   0.000313283392333   0.000967007869908   -1.000000000000000   0.000312829002625   -1.000000000000000    
 18   0.0   0.000320852721402   0.000014459477153   0.000482088529996   0.000029732632644   0.000604664314352   0.000095556077772   0.000686135397667   0.000174414499447   0.000504989183572   -1.000000000000000   0.001356411448151   0.000111723119662   0.000684664063213   0.000088601125556   0.002521293192942   0.000093965224459   0.001585941972181   0.000088327594578   0.005842575314012   0.000645902691867   0.002835210748728   0.000254718542282   0.008271239948905   0.000771357143826   0.003424172294761   0.000718557472648    
 19   0.0   0.000122111593480   0.000012823834091   0.000256084119267   0.000022538235115   0.000208252363052   0.000053817617461   0.000400264707677   0.000070929658929   0.000360815159209   0.000120162670429   0.001034736762663   0.000067007985843   0.000617507929130   0.000055025529868   0.002215410864750   0.000073472021694   0.001425054219931   0.000064097011691   0.005045895769650   0.000986159503923   0.003069307660685   0.000351720509485   0.007119065891446   0.001062046648740   0.001460173748530   -1.000000000000000    
 20   0.0   0.003370190374194   0.000038706760102   0.003638861765170   0.000046562423056   0.002823430246509   0.000065956929857   0.002869831169861   0.000077780900554   0.002387615483762   0.000125583599667   0.003807035012093   0.000063873987640   0.001902020580787   0.000058654784727   0.004807154523795   0.000076587283320   0.003221680858416   0.000065850071964   0.012347734941249   0.001050666623565   0.006594225242898   0.000378977385448   0.020848318423938   0.001052815384881   0.011606949295558   0.000761619919637    
 21   0.0   0.000002454099555   -1.000000000000000   -0.000017581092207   -1.000000000000000   0.000005158642469   -1.000000000000000   0.000010939256350   -1.000000000000000   0.000068895882332   -1.000000000000000   0.000554297250203   0.000063110327790   0.001151529817707   0.000051019764429   0.001665714750706   0.000051803306116   0.001927772350679   0.000051053885110   0.000907300095147   0.000172721567118   0.001005361650674   0.000101579498144   0.001115659167541   0.000265167838246   0.000157747356559   -1.000000000000000    
 22   0.0   0.000033986428326   0.000004789979887   -0.000007072059994   -1.000000000000000   0.000079093172166   0.000017568322372   0.000006488926802   -1.000000000000000   0.000012876744354   -1.000000000000000   0.000382150283409   0.000040258435764   0.001086166896676   0.000036972818832   0.001498774993438   0.000036686299905   0.001695323360798   0.000038161602290   0.000550675209391   0.000064464791010   0.001043060187248   0.000074011701730   0.000796866284030   0.000098053542251   0.000335121768827   -1.000000000000000    
 23   0.0   0.000039727274260   -1.000000000000000   0.000100693156939   -1.000000000000000   0.000395096558080   -1.000000000000000   0.000477136964991   -1.000000000000000   0.000747061053401   -1.000000000000000   0.001264682188041   0.000253152161307   0.001131812344219   0.000271713148649   0.002549658461030   0.000341347848184   0.002060034048521   0.000283098681071   0.000636493131512   -1.000000000000000   0.001651188273527   -1.000000000000000   0.007964684977473   -1.000000000000000   0.002161008568902   -1.000000000000000    
 24   0.0   -0.000465095496801   -1.000000000000000   -0.000189147159113   -1.000000000000000   -0.000895020130258   -1.000000000000000   -0.001123898800767   -1.000000000000000   -0.000932143379595   -1.000000000000000   0.004000239789632   0.000957880872769   0.002972947988556   0.000847081321050   0.004985548806956   0.001070862167300   0.004340164221449   0.000859307612558   0.011320045392430   -1.000000000000000   0.004099561050783   -1.000000000000000   0.017726748419794   -1.000000000000000   -0.025397331142345   -1.000000000000000    
 25   0.0   -0.000336899568292   -1.000000000000000   -0.000378474510911   -1.000000000000000   -0.000190471205509   -1.000000000000000   -0.000298811971563   -1.000000000000000   0.000257533256295   -1.000000000000000   0.002229335056709   0.000421332016023   0.001211300163801   -1.000000000000000   0.002086299416493   -1.000000000000000   0.001578591712296   -1.000000000000000   0.001975524175036   -1.000000000000000   0.000962274964962   -1.000000000000000   0.004020858969466   -1.000000000000000   -0.021131161635031   -1.000000000000000    
 26   0.0   0.001402566920082   0.000036880049990   0.001914325262837   0.000067547679830   0.002796320063222   0.000174260341615   0.002960009619750   0.000299240876798   0.002665844885969   0.000600382407164   0.003601206979552   0.000203294352734   0.001986247699681   0.000152666890950   0.002677628290211   0.000146410133055   0.002519083310173   0.000131884363104   0.005434623588905   -1.000000000000000   0.002784758585410   0.000809593326418   0.004229432523371   -1.000000000000000   0.005689994019747   0.000414146476046    
 27   0.0   0.001915631386021   0.000307959348172   0.002520091777649   0.000428004041560   0.002658912482520   0.000872516431331   0.002464491715814   -1.000000000000000   0.001462558939600   -1.000000000000000   0.004051462779390   -1.000000000000000   0.011919907648167   0.001320699849501   0.015195285548178   0.001610423031600   0.016721751905099   0.001403571766914   -0.002758795762564   -1.000000000000000   -0.035330032413852   -1.000000000000000   -0.121170941123461   -1.000000000000000   -0.958644844312176   -1.000000000000000    
 28   0.0   0.000181060365844   0.000046898979547   0.000237311871901   -1.000000000000000   0.000279293020799   -1.000000000000000   0.000805579816811   -1.000000000000000   0.001776368084262   -1.000000000000000   0.007029432226613   0.000917141327765   0.003690049930149   0.000902479561553   0.007103118839301   0.001082796652344   0.004881748854483   0.000933045782193   0.023858597020908   -1.000000000000000   0.011971304199333   -1.000000000000000   0.021319099208887   -1.000000000000000   -0.006209472479989   -1.000000000000000    
 29   0.0   0.000565189095940   0.000039087213179   0.000681851515126   0.000063855506369   0.000303896415937   -1.000000000000000   0.000663152412174   -1.000000000000000   0.000849299812245   -1.000000000000000   0.006449837638735   0.000271998287909   0.003028569084219   0.000241690867002   0.011091575122812   0.000301332210518   0.008223816908884   0.000246128334744   0.059115835485066   0.004075478678204   0.026785155490788   0.001822121241082   0.057755329773381   0.006390997351277   0.045851571827943   -1.000000000000000    
 30   0.0   -0.000026329406835   -1.000000000000000   0.000051771894375   -1.000000000000000   0.000086156014884   -1.000000000000000   0.000400309474031   -1.000000000000000   0.000993274551166   -1.000000000000000   0.003230150397369   0.000280853036246   0.001878500152778   0.000290787326721   0.006660067038018   0.000422504915491   0.004483931611697   0.000324270146302   0.024135188209333   0.005935353717357   0.009874744177371   0.002697959104059   0.026598565124850   0.008475847363387   0.012667911335944   -1.000000000000000    
 31   0.0   0.000335233427504   0.000013220374240   0.000386272931530   0.000024310475394   0.000379341252082   0.000077016465584   0.000343710260907   -1.000000000000000   0.000188458160670   -1.000000000000000   0.000713165981747   0.000097043851996   0.000669319918754   0.000071049379099   0.002567344052270   0.000074689435258   0.001590122956098   0.000070609010799   0.013486703038811   0.000288585076752   0.004769259539948   0.000157814190166   0.011342179098123   0.000440986536016   0.004786937106704   0.000541835970133    
 32   0.0   0.000596253626798   0.000021220337414   0.000813405790183   0.000031196481538   0.000964045285633   0.000045786015489   0.000907086983412   0.000059537823387   0.000850185826966   0.000114625167546   0.001574098256167   0.000064102616491   0.000894237223741   0.000056590064257   0.002722436766218   0.000083351701486   0.001783826279341   0.000065159967990   0.016618933202635   0.000890607703719   0.003909177621490   0.000263450055775   0.012377949425181   0.000947393284720   0.003734799841419   0.000348134900140    
 33   0.0   0.000345700988348   0.000025551976113   0.000481826090916   0.000036847285701   0.000616080120247   0.000054044155222   0.000627399667063   0.000063051845671   0.000642944219336   0.000083110322103   0.001039978163944   0.000055759589512   0.000803487592422   0.000054313660218   0.002571890404446   0.000093556310219   0.001651686714444   0.000073569344785   0.015062817773228   0.002059824800174   0.004871450451815   0.000611249458155   0.012487214777682   0.002194113351499   0.004343688301747   0.000974995965665    
 34   0.0   0.001966194099678   0.000030189221627   0.002312736304042   0.000041515610778   0.002473027665737   0.000068342459408   0.002252268143750   0.000106075815395   0.001660524836570   0.000224006462854   0.001362774500690   0.000087458991773   0.000893039159386   0.000082205441183   0.002504963570515   0.000106540942701   0.001606900811551   0.000088986850313   0.011632234773607   0.001484662253664   0.003328110331338   0.000467663224177   0.009667373672057   0.001604142577165   0.003594118184725   0.000892721209888    
 35   0.0   0.000086503721696   0.000025708106014   -0.000003636790579   -1.000000000000000   0.000128191232114   -1.000000000000000   0.000035233549298   -1.000000000000000   0.000122492622210   -1.000000000000000   0.001128677581062   0.000095726407458   0.000823510505052   0.000083155306431   0.002732194184705   0.000126690946234   0.001739664759560   0.000113215472840   0.014177988397113   0.002069976274811   0.003508276103895   0.000620299941279   0.012938167871453   0.002130260515004   0.003336030505992   -1.000000000000000    
 36   0.0   0.000646408708123   0.000027779186504   0.000764827131447   0.000042756101792   0.000681827943892   0.000073848908020   0.000877911201929   0.000120914524937   0.000792328287522   0.000230777731244   0.001733014033161   0.000094373330651   0.001210122673531   0.000093791555028   0.003669893342441   0.000147502508330   0.002336077596048   0.000123275317778   0.011798276350878   0.003367635102758   0.005499910070832   0.000986091272745   0.015649936242506   0.003307796047749   0.006622102963711   0.001628460865812    
 37   0.0   -0.000043634094796   -1.000000000000000   0.000039776486194   -1.000000000000000   -0.000053473483315   -1.000000000000000   0.000074450652237   -1.000000000000000   0.000651726278034   -1.000000000000000   0.003576351574238   0.000126694934866   0.002329203808900   0.000141315040098   0.003298365920510   0.000250000995673   0.002540865876268   0.000182633823029   0.022869495032773   0.005504241548287   0.004380850552138   -1.000000000000000   0.017764971664577   0.005787886021029   0.001895747258586   -1.000000000000000    
 38   0.0   0.003377237306401   0.000038104814593   0.003994911199599   0.000045763522114   0.003767717617015   0.000048292299505   0.003845928800420   0.000051880765040   0.003001439527438   0.000083710297296   0.004135736289813   0.000051521594833   0.002417648544497   0.000048980653264   0.007809432599346   0.000064294484329   0.005309408397864   0.000057701680641   0.044885375855588   0.000686442215646   0.015170585635291   0.000256231939302   0.041571372687838   0.000658077944085   0.017106019333226   0.000720717824296    
 39   0.0   0.000304090152562   0.000062685486666   0.000404973012909   0.000073982402921   0.000509925128068   0.000110918259479   0.000649000765384   0.000164419285498   0.000868928610852   0.000283231949112   0.002254496718808   0.000126563036588   0.001688248964460   0.000141976769711   0.005473263174418   0.000257764478675   0.003599018318110   0.000187743879519   0.026743315122700   0.006440409804555   0.008198567786020   0.001963881243939   0.024140400239074   0.006482812835373   0.012758283895012   -1.000000000000000    
 40   0.0   0.000657625160410   0.000135722919789   0.000411697417804   -1.000000000000000   0.000021939256463   -1.000000000000000   -0.000026800627838   -1.000000000000000   -0.000118672392221   -1.000000000000000   -0.000641160762052   -1.000000000000000   0.001003874958615   0.000168260253543   0.001622564556764   0.000242654406635   0.002576724338964   0.000190727868244   0.003423173856288   -1.000000000000000   0.003450305692107   -1.000000000000000   0.001379952997538   -1.000000000000000   0.001010848507893   -1.000000000000000    
 41   0.0   0.000017722078340   -1.000000000000000   0.000109901475723   -1.000000000000000   0.000044109310803   -1.000000000000000   0.000139294995455   -1.000000000000000   0.000044058882178   -1.000000000000000   0.001104892246256   0.000125230974199   0.000786704000304   0.000126112764586   0.002219752262721   0.000255530545411   0.001590075285962   0.000177446085285   0.008109704697518   -1.000000000000000   0.001805991567676   -1.000000000000000   0.009027901306453   -1.000000000000000   0.001888034072614   -1.000000000000000    
 42   0.0   0.000164842039967   -1.000000000000000   0.000166308382396   -1.000000000000000   -0.000021938422939   -1.000000000000000   -0.000084443950292   -1.000000000000000   -0.000213552909774   -1.000000000000000   0.000607315806432   0.000139576620688   0.000759412061462   0.000166769487015   0.003685916890015   0.000250310254620   0.002338167499802   0.000189414393558   0.018059148814611   0.005894869005925   0.004671160855899   -1.000000000000000   0.013390786530759   -1.000000000000000   0.009496013221001   -1.000000000000000    
 43   0.0   0.000075626977378   -1.000000000000000   0.000155111281603   -1.000000000000000   -0.000070375142969   -1.000000000000000   0.000231935940086   -1.000000000000000   0.000498087301134   -1.000000000000000   0.003780080888844   0.000138081479044   0.002104596292613   0.000153205129709   0.005135745475511   0.000253739563648   0.003528431266894   0.000190944390919   0.019181943695723   0.005221184102096   0.005929641508475   0.001887587987125   0.021027068465573   0.006320377794657   0.013233892112330   -1.000000000000000    
 44   0.0   0.000008819153917   -1.000000000000000   0.000026479918677   -1.000000000000000   0.000233471144454   0.000058620069435   0.000006830247115   -1.000000000000000   0.000027916402270   -1.000000000000000   0.000573863397655   0.000086617347665   0.001103484612981   0.000082328145072   0.001766459795001   0.000110658370380   0.002315841103108   0.000093186018789   0.001690186250756   -1.000000000000000   0.000802725999927   -1.000000000000000   0.000839734704224   -1.000000000000000   -0.000265174452554   -1.000000000000000    
 45   0.0   0.001134481595842   0.000063023045598   0.001053674326906   0.000081682017485   0.000821854547508   0.000146406208659   0.000825257871092   0.000188094506259   0.000505549396483   -1.000000000000000   0.001320947081630   0.000147268289760   0.000878858833563   0.000170858971625   0.002987083244275   0.000309657649319   0.001858828205959   0.000224198007781   0.019022844415388   0.004731508521296   0.004406470924420   -1.000000000000000   0.010038337255883   -1.000000000000000   0.007789104308448   -1.000000000000000    
 46   0.0   0.000775893866248   0.000061684917181   0.000953526276062   0.000076032226666   0.000769348703055   0.000143000903636   0.001077639425102   0.000188735709961   0.001118390772574   0.000296537322336   0.002274511555598   0.000159986637319   0.001323103248516   0.000183896999441   0.004056301267221   0.000366913276342   0.002714240818330   0.000254171173110   0.021648020891600   0.004905288613266   0.008757237497170   0.002233780503997   0.021859197191475   -1.000000000000000   0.009722502423265   -1.000000000000000    
 47   0.0   0.000505778937987   0.000070856738765   0.001065471027817   0.000082863097448   0.000980611831316   0.000153910254599   0.000997703520746   0.000204220710383   0.001239529067993   0.000308765215309   0.003352425317865   0.000178543919801   0.002227057903645   0.000204587617023   0.008367507872643   0.000399849007398   0.005636777689082   0.000278825242626   0.063155668201967   0.004889887374663   0.016350920331660   0.002408968707235   0.042371013406108   0.008304610138946   0.024563247232797   -1.000000000000000    
 48   0.0   -0.000329790533532   -1.000000000000000   -0.000276987824399   -1.000000000000000   -0.000464278817912   -1.000000000000000   -0.000539064464279   -1.000000000000000   -0.000663247399632   -1.000000000000000   0.001599806282984   0.000207431896012   0.001308316102359   0.000230077433913   0.006022184479176   0.000390678163437   0.003608947697268   0.000298337312206   0.035373414286181   0.005288482984804   0.009751410131204   0.002523554877967   0.031214043568797   0.009486703370762   0.016290697579858   0.005390984217292    
 49   0.0   0.000003507089683   -1.000000000000000   0.000038424461742   -1.000000000000000   -0.000016730091480   -1.000000000000000   -0.000030993531018   -1.000000000000000   -0.000134498539075   -1.000000000000000   -0.000070535328071   -1.000000000000000   0.000723327907770   0.000107465092937   0.001291755491608   0.000098120205402   0.001797695502232   0.000089869356345   0.004982732002109   0.000414973385127   0.003024291767366   0.000224705590777   0.005293607792336   0.000500875299550   0.000559390137111   -1.000000000000000    
 50   0.0   -0.000513788111891   -1.000000000000000   -0.000329147992211   -1.000000000000000   -0.000335512666059   -1.000000000000000   -0.000365393964643   -1.000000000000000   -0.000353305980474   -1.000000000000000   0.002008352449966   0.000209742583451   0.001677683841924   0.000207049450188   0.006427607075029   0.000329640458021   0.003846940607017   0.000250651217987   0.043970586103482   0.003985876465676   0.010180871344295   0.001748673382623   0.036208656068070   0.004639146199887   0.007034983661988   -1.000000000000000    
 51   0.0   0.000323176030698   0.000011857000864   0.000348698868030   0.000015582680116   0.000476855201618   0.000030726161810   0.000537773802362   0.000041395584111   0.000403265813191   0.000077975845150   0.000884517407420   0.000052235361415   0.000714895428646   0.000047707586158   0.002587007553522   0.000060174431693   0.001655247805322   0.000053180223773   0.012682354631941   0.000999106168853   0.004691447344074   0.000323829742894   0.012494340020850   0.001049562420774   0.004299086114247   0.000472884307119    
 52   0.0   -0.000024783064199   -1.000000000000000   -0.000022163382690   -1.000000000000000   -0.000199987791869   -1.000000000000000   -0.000239008354437   -1.000000000000000   -0.000278753670637   -1.000000000000000   0.001777387457960   0.000127502919284   0.001683204168200   0.000132407690507   0.002562980441089   0.000234589632380   0.002022411024884   0.000179290500280   0.007065356497690   -1.000000000000000   0.002564154595565   -1.000000000000000   0.006176577305956   -1.000000000000000   0.002698288145239   -1.000000000000000    
 53   0.0   -0.000054901898084   -1.000000000000000   0.000022497309829   -1.000000000000000   -0.000022688362920   -1.000000000000000   0.000015910336077   -1.000000000000000   0.000152433602017   -1.000000000000000   0.001944703865249   0.000073278488662   0.001256049785996   0.000070086250240   0.004002585715437   0.000138364368994   0.002574573316698   0.000092232311834   0.020779154770159   0.001494041451594   0.005526580925850   0.000515463917770   0.015933855761053   0.001771008414690   0.005521717723642   0.001286550755476    
 54   0.0   0.000310492470646   0.000031960911278   0.000245511708730   0.000045739062057   0.000317555357220   0.000072388052306   0.000384418092433   0.000106644458772   0.000383580958609   -1.000000000000000   0.000994427824126   0.000113855766796   0.000641040024301   0.000140395450249   0.002304971340853   0.000243558826295   0.001469436191107   0.000192324647277   0.008990722497416   -1.000000000000000   0.003091518565251   -1.000000000000000   0.007759429090583   -1.000000000000000   0.002614833817354   -1.000000000000000    
 55   0.0   0.000024230929079   -1.000000000000000   0.000111858120633   0.000024451894332   0.000128978312749   -1.000000000000000   0.000205704652387   0.000059539534597   0.000684317674242   0.000122979547927   0.002838160325106   0.000081226202779   0.001483383316469   0.000084443363253   0.002245091632926   0.000177712846749   0.001715304318685   0.000122097786258   0.008801942981355   0.002062341855224   0.002485284606698   0.000659771953170   0.006625245352082   -1.000000000000000   0.001381024428242   -1.000000000000000    
 56   0.0   -0.000189302163288   -1.000000000000000   -0.000191679763280   -1.000000000000000   -0.000152857835784   -1.000000000000000   -0.000135383591418   -1.000000000000000   0.000208234653504   -1.000000000000000   0.001822397992683   0.000112102773916   0.001112988881395   0.000121448304691   0.002396145144274   0.000234790507714   0.001702475557943   0.000186769162333   0.011181265555455   -1.000000000000000   0.003041452948367   -1.000000000000000   0.008696960999581   -1.000000000000000   0.002586283505023   -1.000000000000000    
 57   0.0   0.001127681372348   0.000027428499803   0.001569538102474   0.000040790825674   0.001606080457237   0.000060932802886   0.002237504466056   0.000074068499763   0.002348727152105   0.000111241889520   0.006157431659973   0.000061323831416   0.003414363049691   0.000073651027376   0.009628287336547   0.000102503345495   0.006617914065898   0.000082799529493   0.050108941821235   0.001527210547123   0.025602064687697   0.000581198146532   0.068930803677731   0.001866157910362   0.036955486705764   0.001689970816415    
 58   0.0   0.006468381895863   0.000061550448923   0.006845111212704   0.000076229668679   0.006456720440036   0.000095243912358   0.006318339836465   0.000112635304202   0.005195283145641   0.000183296008922   0.005919288414964   0.000106007245621   0.002743446622208   0.000125835382743   0.006432221135723   0.000257368385295   0.004400669966755   0.000191732355101   0.030912868065842   0.003558852067693   0.012850855167812   0.001067567221121   0.038597213122747   0.003718442524928   0.032420497344023   0.001680069706322    
 59   0.0   -0.001409683047201   -1.000000000000000   -0.001566996916652   -1.000000000000000   -0.001586558831104   -1.000000000000000   -0.001586497335201   -1.000000000000000   -0.000834507295832   -1.000000000000000   0.005094051151280   0.000068263037123   0.003180255478290   0.000075912104535   0.008001743961094   0.000115586733659   0.005371916982085   0.000083764898486   0.034764839355837   0.001438737015573   0.009342973682660   0.000503474954954   0.028783746497684   0.001777351641702   0.017530505692710   0.001535494659742    
 60   0.0   -0.000002439686017   -1.000000000000000   -0.000007046443090   -1.000000000000000   0.000002940944457   -1.000000000000000   0.000183199681849   -1.000000000000000   0.000334387992225   -1.000000000000000   0.001266942506337   0.000102723243978   0.000850184717011   0.000097811669152   0.002801936446821   0.000196394810832   0.001815372766475   0.000147253228009   0.016332665447271   0.002701707973578   0.003690335133339   0.000846592724155   0.013558283990720   0.002844586900806   0.002102756970605   -1.000000000000000    
 61   0.0   0.001531263412451   0.000024186440524   0.001745350186071   0.000028565769248   0.001794010717669   0.000029704694353   0.001854450764518   0.000030565351475   0.001591109105812   0.000047165230403   0.002470545764056   0.000038381287127   0.001246859002140   0.000035874714953   0.003256152416667   0.000042867956761   0.002124959421635   0.000039095816191   0.013307635623269   0.000276195860257   0.004140462727869   0.000152747144031   0.012311788931576   0.000345828304989   0.006757283056366   0.000299577381092    
 62   0.0   0.000077812698199   0.000019907184741   0.000077922419416   -1.000000000000000   0.000095508590390   -1.000000000000000   0.000272920993571   0.000087390949932   0.000583684149506   0.000134351584463   0.002887038733543   0.000074338280195   0.001796288498718   0.000068656978749   0.004985827479576   0.000095681675043   0.003442749379385   0.000074484402541   0.028571397392629   0.001940289097095   0.011844422338566   0.000652681704704   0.030380399104032   0.002365259636817   0.019045171950732   0.001521494491342    
 63   0.0   -0.000147106109277   -1.000000000000000   -0.000121247009821   -1.000000000000000   -0.000189703809041   -1.000000000000000   -0.000282725914714   -1.000000000000000   -0.000250597117480   -1.000000000000000   0.001212496149212   0.000072052084141   0.001080450891559   0.000060557617472   0.004575564684760   0.000089132528885   0.003032217141210   0.000068757110691   0.027679021821693   0.001892212060979   0.005010622400161   0.000630059153586   0.017522157376642   0.002234994618229   0.011261736271816   0.001514478092310    
 64   0.0   0.000967606172985   0.000022312483847   0.001161647236414   0.000028805783358   0.001103894153215   0.000048934640923   0.001386357081092   0.000061369299127   0.001232562288528   0.000091110035210   0.001943545466584   0.000057350241982   0.001000883491080   0.000053912155152   0.003124098243331   0.000071060436972   0.002028479212938   0.000063984165054   0.016385581131993   0.000841411864941   0.007616213978106   0.000271412521638   0.016448649638425   0.000964170486382   0.010819654836238   0.000395979386585    
 65   0.0   0.000137332396661   0.000018234217342   0.000366879044331   0.000025128082928   0.000356295919431   0.000038034754851   0.000876827401219   0.000052643858249   0.000885288719699   0.000083746416119   0.002376501057282   0.000051122437203   0.001339121808216   0.000052488576428   0.003797243525076   0.000060483997776   0.002366850753288   0.000060968608685   0.017068432116624   0.000622197679384   0.008885062103117   0.000286916516283   0.019120797679133   0.000677505823329   0.010145188111203   0.000489500830956    
 66   0.0   0.000023727590862   0.000006733649491   0.000004124617983   -1.000000000000000   0.000045063628789   -1.000000000000000   0.000035320400634   -1.000000000000000   0.000060663425637   -1.000000000000000   0.000226436773071   0.000049498608941   0.001302558281010   0.000048328419943   0.002139641174107   0.000049784613624   0.002748413430650   0.000051821787116   0.002474532135461   0.000307374307208   0.001413003765391   0.000155892892909   0.001574516833956   0.000374848017073   0.000145946675619   -1.000000000000000    
